4862, 17371, 12711, 32459, 19636, 6189, 22164, 14238, 942, 17953,
28242, 15572, 31492, 1661, 2148, 29296, 3830, 27539, 14493, 31884,
29835, 12894, 29668, 14597, 7287, 10701, 10805, 373, 15682, 9311,
16872, 18785, 18599, 10224, 22582, 27828, 20539, 20435, 27385, 17004,
7503, 5408, 20403, 18324, 22, 29007, 7122, 30322, 6667, 3846,
25138, 7681, 10125, 32048, 27108, 19874, 3276, 6223, 16942, 10510,
10729, 7699, 22482, 14479, 14937, 7979, 28563, 2416, 17291, 17243,
10742, 12977, 22218, 5071, 29766, 4608, 10852, 16303, 2778, 21733,
19980, 3827, 28827, 8765, 32381, 30585, 32704, 30697, 23648, 2132,
30684, 4295, 2672, 8040, 11547, 26337, 30428, 7476, 15560, 9701,
21484, 2798, 27411, 8662, 1000, 26325, 3602, 9728, 31798, 2755,
10757, 12337, 25538, 24833, 8926, 27686, 28835, 23392, 9985, 836,
18683, 24709, 14152, 5257, 27422, 9093, 28746, 26817, 24823, 6578,
30941, 14077, 17064, 692, 14809, 3393, 19569, 14043, 17183, 12669,
3027, 12211, 474, 3774, 26613, 32473, 11269, 678, 2374, 9998,
1326, 7962, 25700, 2954, 24697, 13370, 27709, 27026, 999, 13974,
12148, 4173, 20696, 21918, 25862, 19156, 21967, 22107, 11309, 12424,
11638, 1629, 900, 20392, 20194, 23285, 15212, 26147, 13079, 4260,
26543, 7338, 29647, 24274, 5220, 30730, 18295, 5059, 16915, 29881,
32379, 11464, 27929, 174, 26051, 16050, 9293, 18294, 12926, 17036,
29411, 1157, 23326, 6794, 8593, 20426, 419, 25404, 4849, 6278,
21277, 25863, 16167, 16989, 108, 14806, 4803, 6318, 13387, 31501,
13545, 3104, 10893, 3007, 30895, 28285, 19621, 21280, 32198, 8388,
30572, 31549, 17501, 26489, 19999, 2026, 14402, 22848, 16039, 23036,
30538, 7082, 6942, 29369, 22260, 25167, 27790, 2957, 27977, 25629,
25340, 22015, 8454, 15087, 1701, 30690, 1277, 24929, 3719, 6096,
697, 17123, 35, 3540, 6241, 4621, 31874, 3175, 11742, 22835,
24182, 21918, 17728, 31032, 3618, 20641, 2654, 2727, 11708, 4959,
1469, 21759, 914, 13440, 30388, 20559, 17739, 31131, 6349, 25859,
10352, 13738, 22637, 24062, 23595, 27579, 15032, 16617, 20558, 2536,
31919, 202, 28054, 20616, 11675, 16088, 9010, 14759, 18607, 3470,
28031, 29876, 4585, 27134, 14870, 19066, 14905, 24424, 19720, 32082,
3813, 2315, 2920, 31126, 14380, 26171, 20234, 27224, 19242, 13492,
10123, 1620, 13051, 17710, 11409, 10532, 13603, 32305, 17748, 3251,
5421, 299, 2398, 14068, 7059, 9664, 7823, 28628, 990, 16225,
14435, 21357, 5646, 24864, 7288, 21628, 28476, 5058, 20554, 17173,
15742, 12822, 21569, 11157, 29451, 24454, 4079, 8665, 13472, 19692,
21394, 19629, 1826, 16295, 4833, 17799, 132, 3821, 15621, 8310,
32747, 2914, 21989, 12373, 12560, 1258, 13478, 23364, 24294, 25276,
2930, 4953, 22910, 441, 7289, 18322, 29479, 19707, 16438, 24846,
22745, 17584, 8436, 8317, 18900, 26409, 20368, 28630, 29316, 12334,
5504, 31816, 28328, 8853, 10260, 11378, 14003, 4115, 8444, 18134,
31858, 4945, 24587, 23691, 15088, 28738, 14907, 19507, 32151, 20149,
6640, 28973, 8855, 806, 29825, 21260, 7308, 23002, 14580, 26951,
30555, 6187, 7177, 18225, 9308, 10272, 25979, 17452, 20927, 8768,
8834, 29722, 20776, 10664, 24988, 1045, 20893, 20060, 23437, 20320,
28834, 27099, 11684, 16541, 26274, 10742, 2369, 21312, 21137, 15841,
31892, 18755, 26832, 22923, 14503, 26908, 2385, 811, 30879, 22508,
251, 24347, 28223, 25593, 31312, 28138, 22445, 21342, 24909, 28845,
8825, 2817, 16017, 26517, 16347, 8646, 19906, 24263, 3644, 13314,
21293, 32103, 31736, 2867, 29868, 2806, 18275, 28142, 6605, 24287,
10, 11288, 5936, 28236, 11579, 15193, 10545, 27710, 15815, 30670,
455, 12253, 9478, 23806, 28076, 21773, 18716, 19216, 21695, 19265,
9851, 11323, 6566, 18068, 19625, 3709, 7351, 18198, 6212, 1424,
26137, 10851, 20035, 26906, 15142, 31611, 31870, 17188, 8980, 29901,
17265, 717, 7893, 26773, 27964, 18239, 6203, 872, 30191, 22243,
19552, 7437, 26885, 5841, 13637, 2959, 14382, 5771, 14009, 11408,
28498, 1002, 4733, 6368, 27090, 7000, 26533, 13903, 27921, 26688,
16705, 7103, 19507, 27075, 30781, 31613, 31012, 28589, 27782, 2001,
9948, 17319, 22894, 1491, 24802, 29358, 18770, 641, 15375, 19139,
27770, 24079, 1173, 24804, 22336, 8574, 3392, 13116, 27509, 21104,
1019, 15255, 28928, 14651, 28565, 1560, 8648, 19772, 15045, 8238,
11477, 15214, 28780, 29636, 29874, 15162, 3355, 25272, 3349, 9617,
2517, 13967, 15297, 569, 1046, 14439, 172, 32612, 10003, 1324,
26973, 1927, 14916, 29199, 13209, 26985, 31008, 5428, 830, 18043,
6184, 18091, 12143, 15207, 6950, 11682, 27377, 30443, 24759, 11737,
19413, 13032, 1799, 18774, 30296, 17334, 3548, 19033, 28423, 12731,
22998, 18834, 22567, 4412, 31989, 25746, 7763, 3186, 26715, 14464,
22631, 21473, 27475, 29965, 24221, 26853, 9107, 7081, 23798, 30350,
17086, 16120, 25820, 11437, 19757, 22143, 16901, 20783, 13807, 31396,
5786, 31658, 31758, 7381, 665, 12086, 11540, 4103, 23160, 18046,
28878, 30050, 12555, 26135, 592, 24890, 14503, 26896, 14905, 19522,
16264, 31690, 3641, 9468, 19312, 22793, 10704, 5492, 6289, 23884,
1112, 20782, 32685, 25690, 6213, 32605, 1916, 9502, 8108, 5461,
9550, 32692, 31234, 13635, 28913, 29124, 7975, 25884, 20437, 9487,
17314, 12755, 23406, 19527, 4655, 4815, 1754, 16932, 7799, 8604,
18372, 7860, 29982, 31201, 18056, 14067, 27906, 21906, 22935, 15003,
7618, 14694, 20510, 25661, 8062, 17804, 20450, 28561, 30686, 32410,
19054, 18955, 22614, 8902, 19825, 12718, 4520, 24408, 12898, 13861,
24746, 31327, 29029, 20496, 30793, 17571, 7026, 668, 27854, 26588,
16308, 15190, 25696, 25889, 16431, 25665, 12490, 22435, 22950, 23589,
13951, 20379, 25276, 18731, 17627, 22913, 1625, 31143, 17324, 1407,
32079, 18229, 23025, 805, 2878, 12295, 29154, 9566, 17077, 6781,
15920, 25251, 21657, 30454, 9357, 9582, 28363, 13287, 12655, 242,
28165, 14378, 30993, 7689, 26373, 22424, 2491, 29806, 19182, 30169,
21316, 9260, 10987, 19323, 10197, 854, 24341, 322, 14831, 13305,
5271, 5567, 15280, 22095, 1807, 16676, 850, 11061, 26936, 19287,
22772, 15071, 16583, 2117, 20893, 21451, 14738, 28281, 23422, 30195,
13303, 31725, 24439, 32327, 4732, 23840, 7133, 9818, 2739, 2664,
7291, 11356, 32097, 20362, 29654, 14152, 6622, 29064, 6582, 19294,
20671, 26298, 4833, 25300, 22963, 21792, 17962, 32457, 20651, 19191,
8874, 17530, 11838, 25994, 31566, 31416, 8011, 23115, 15250, 31642,
32736, 5666, 22923, 28271, 32090, 26373, 10539, 24054, 9166, 25545,
29889, 32466, 23208, 1592, 32447, 14904, 5266, 11107, 20672, 20715,
13976, 28218, 31689, 10858, 31369, 4185, 11727, 9319, 20640, 25893,
16506, 30332, 1123, 29464, 9513, 32282, 10444, 16217, 21046, 1730,
4007, 30608, 5499, 25207, 20539, 28152, 28693, 26227, 8492, 7094,
24423, 8217, 2464, 7529, 14178, 22059, 11681, 24066, 29188, 10813,
14787, 25558, 6175, 28265, 12806, 29681, 10076, 837, 10237, 32685,
6527, 21010, 7216, 4228, 28909, 14134, 3776, 9763, 28267, 28909,
841, 15039, 21544, 26171, 31756, 25004, 23038, 23077, 12366, 13356,
14069, 24352, 507, 133, 25609, 7882, 30351, 28502, 31789, 18904,
14134, 4906, 23951, 17487, 23602, 5710, 28702, 25080, 1918, 31456,
13642, 18189, 4785, 8489, 1290, 16697, 21540, 2093, 7204, 11456,
16215, 31871, 24489, 14841, 25745, 10586, 31166, 9989, 5063, 16366,
13218, 16827, 9919, 10488, 12525, 17890, 13942, 29845, 28694, 27555,
16318, 31832, 13368, 14909, 31531, 27546, 15382, 29435, 27696, 8721,
27228, 10340, 27526, 9381, 17192, 21937, 12493, 4222, 25288, 2692,
8054, 17506, 20934, 32470, 23264, 13374, 23073, 9009, 26049, 6914,
16862, 288, 20680, 32434, 3775, 32741, 15489, 15034, 14163, 24937,
12920, 1155, 25903, 2937, 6561, 7747, 11386, 28974, 18935, 11289,
23727, 12461, 868, 24409, 20126, 14609, 19425, 27685, 21428, 3238,
30942, 32061, 10877, 29528, 26596, 6679, 7271, 12651, 10873, 13107,
10441, 5740, 10564, 18601, 24867, 30823, 625, 24324, 23208, 28506,
10071, 13906, 22777, 25834, 32088, 30588, 5684, 19541, 1545, 19412,
19501, 5800, 21139, 4845, 25339, 14130, 18010, 10927, 26807, 19512,
27868, 32170, 13952, 16362, 26331, 19371, 26306, 30102, 12990, 24717,
184, 22300, 21557, 11602, 32048, 22178, 7964, 30579, 2191, 14472,
10658, 4723, 9748, 14750, 10666, 22458, 6241, 26005, 16753, 20641,
13111, 12724, 32625, 18122, 31361, 12236, 5510, 11954, 12948, 28014,
2896, 8329, 17845, 21339, 28632, 21313, 8923, 6460, 20086, 19941,
31159, 8596, 27378, 17196, 30706, 20978, 2281, 19278, 27574, 15211,
17010, 28694, 28527, 10055, 12802, 16184, 723, 23547, 29581, 22246,
13600, 11864, 16622, 8350, 17572, 13057, 11657, 11846, 22403, 9250,
17711, 28026, 12725, 20319, 4674, 9509, 3150, 8203, 20249, 29006,
29186, 6555, 18085, 12597, 17640, 22106, 10325, 7071, 20862, 24158,
21304, 28014, 4846, 27322, 23650, 26228, 3215, 26869, 21648, 2185,
23727, 21179, 4367, 19675, 27792, 11731, 31705, 17286, 25008, 18513,
12034, 20837, 13389, 1293, 24402, 39, 3881, 19539, 23092, 5285,
23691, 29916, 6862, 24434, 9350, 14589, 14962, 31668, 8317, 3103,
16437, 28723, 10215, 25711, 5085, 26288, 23120, 19671, 6145, 28024,
10912, 21292, 12139, 30521, 12192, 9897, 12737, 3347, 23994, 31388,
4965, 26354, 3585, 351, 17561, 24092, 30321, 5002, 3047, 28166,
30583, 22375, 24512, 14188, 25268, 31910, 867, 14752, 7934, 24658,
27392, 13859, 19879, 11524, 11037, 29298, 21762, 19287, 30522, 19490,
29732, 13979, 29616, 21295, 17384, 2510, 24287, 24210, 18742, 22728,
21896, 20241, 31876, 10677, 13944, 29787, 27292, 8904, 26983, 18516,
21152, 16430, 3359, 29870, 25932, 9793, 20705, 22201, 2428, 25599,
32004, 30076, 18926, 14778, 28383, 7684, 20552, 14352, 3049, 6652,
4445, 19230, 28703, 13438, 3756, 1521, 23462, 297, 20777, 16957,
9138, 6516, 321, 26706, 10918, 17473, 16408, 29515, 9085, 15286,
9749, 1417, 9320, 1352, 2720, 8544, 19640, 4120, 31018, 23055,
511, 3459, 30574, 4342, 2162, 14324, 247, 4867, 31378, 31741,
23523, 10862, 25612, 14247, 10982, 30886, 989, 1030, 24722, 11403,
31161, 15632, 30677, 26845, 25262, 15279, 5571, 28404, 10501, 30228,
30869, 25010, 2921, 31311, 22514, 13495, 8011, 30492, 6766, 7123,
21124, 18176, 1105, 3777, 12348, 12693, 17305, 13586, 27915, 22306,
32066, 20071, 32351, 31343, 16324, 27363, 16670, 7384, 32478, 2016,
29580, 8351, 31890, 25825, 1646, 25991, 17265, 9416, 2416, 5022,
5656, 3914, 14020, 2138, 30715, 1695, 25100, 6631, 13153, 1406,
20090, 9408, 176, 14664, 12341, 6013, 13035, 3204, 23807, 28907,
3449, 13707, 28694, 25698, 10024, 7556, 25943, 6227, 32369, 13203,
28585, 13089, 8958, 78, 3737, 10802, 6249, 3441, 10050, 1861,
22087, 30162, 9328, 6150, 2405, 12695, 25093, 15327, 31313, 29350,
26523, 17426, 15644, 9565, 13930, 6661, 3679, 27012, 11884, 8156,
380, 6015, 20160, 32589, 25638, 9672, 21837, 23216, 31524, 669,
423, 5206, 31825, 13814, 32566, 8220, 27112, 24506, 14997, 4928,
13054, 26162, 9784, 26227, 15696, 26814, 12882, 7727, 15423, 19143,
31733, 19786, 31001, 27380, 30587, 9676, 28826, 23201, 6694, 3070,
27059, 10637, 18179, 24515, 27017, 6610, 788, 28715, 10433, 20507,
13485, 19782, 28155, 21521, 29215, 27702, 29084, 29974, 9108, 20872,
11985, 26422, 31802, 13765, 17873, 11354, 3748, 22595, 21346, 7615,
109, 29761, 24990, 10663, 8478, 3123, 22007, 6479, 26705, 32603,
121, 29472, 7959, 7577, 12367, 19753, 14488, 11652, 29065, 9165,
7673, 6329, 22556, 2233, 29059, 12916, 31786, 15898, 3329, 19549,
2948, 4620, 16233, 3492, 5230, 3669, 3519, 16463, 28066, 20563,
31543, 2259, 24471, 7475, 7322, 15330, 29442, 1636, 31466, 18053,
2206, 12875, 2377, 23658, 7720, 7481, 12823, 24703, 25774, 26266,
16219, 15296, 3082, 32367, 8804, 5708, 26538, 18174, 24240, 9919,
20626, 32455, 7180, 3004, 26787, 1723, 9213, 25545, 8989, 22697,
20063, 5984, 13923, 16889, 8524, 2370, 23294, 13980, 10303, 8463,
31717, 20547, 18041, 25620, 15355, 19919, 2212, 4196, 29914, 9993,
14775, 28202, 4815, 2196, 16153, 19261, 29221, 19488, 9, 21749,
8615, 16607, 23613, 17470, 11872, 22589, 30153, 4074, 23717, 2764,
21059, 6476, 29270, 2429, 5925, 1794, 30304, 3862, 25970, 16914,
2438, 26080, 6301, 18745, 15458, 30112, 27814, 20095, 1702, 28105,
20358, 21263, 17320, 24560, 25037, 13638, 22558, 24192, 27274, 25866,
25893, 29615, 17003, 12893, 11401, 1201, 31269, 27185, 2624, 29995,
16406, 13694, 10039, 7914, 18729, 28307, 18770, 29141, 16635, 24746,
25774, 20512, 1340, 9662, 21033, 31427, 12375, 5793, 20260, 8747,
14165, 329, 10887, 28463, 7934, 6506, 17158, 6213, 3138, 22347,
15011, 22262, 13272, 14546, 884, 20879, 27941, 6368, 10663, 19738,
27743, 4325, 32451, 15244, 26610, 6315, 2608, 31296, 11555, 22646,
25338, 21668, 26611, 24911, 22226, 7987, 8774, 16285, 598, 32419,
15940, 7157, 16018, 12127, 28672, 24115, 1990, 24887, 31319, 1738,
16745, 31574, 13084, 12888, 31599, 23669, 4722, 31614, 7368, 27471,
20856, 12014, 5929, 2901, 23596, 1477, 2062, 18850, 6793, 23068,
27392, 22065, 21747, 2521, 16659, 7502, 14293, 31691, 20916, 5450,
14985, 31479, 26785, 5235, 28024, 23596, 13625, 17219, 29570, 8670,
12022, 32472, 10912, 4657, 9016, 16292, 18375, 29523, 20548, 22630,
27152, 25103, 12684, 8537, 26903, 30367, 24881, 25515, 25248, 11202,
12998, 6448, 19329, 15375, 27479, 21592, 1980, 27017, 15017, 25695,
19947, 25459, 22980, 2499, 23009, 15974, 29359, 20219, 12942, 12960,
13691, 22886, 1827, 5279, 16002, 18050, 26487, 15343, 12785, 26974,
23465, 19520, 12420, 31826, 7944, 5307, 2449, 6893, 559, 31126,
20040, 6191, 14452, 7142, 10809, 1272, 5252, 13237, 9495, 31425,
30791, 20565, 12731, 32394, 31754, 29427, 11883, 4115, 4316, 14191,
14941, 14671, 8760, 32620, 1143, 12822, 31461, 21411, 30553, 27674,
28955, 28540, 26269, 6940, 7655, 10975, 8541, 3424, 9168, 13895,
3574, 26718, 18619, 23833, 13068, 7610, 26380, 16949, 20943, 11382,
31246, 19146, 30076, 615, 18837, 11118, 7206, 4581, 30946, 19310,
23734, 28615, 31942, 29282, 11825, 3471, 15627, 29701, 13369, 25569,
25871, 20036, 13527, 8506, 10162, 28053, 7031, 12510, 31346, 2954,
11572, 11794, 3029, 23462, 21078, 6028, 30984, 31343, 6425, 22312,
1733, 21188, 21937, 29148, 24953, 28017, 906, 29678, 10407, 24321,
19412, 28004, 18823, 18388, 21823, 4797, 27892, 6769, 16643, 21982,
31877, 7196, 31012, 2895, 761, 21420, 13300, 28583, 27608, 23191,
20697, 8517, 26199, 17487, 29264, 25153, 28540, 4049, 31026, 13986,
18308, 22394, 17719, 13010, 22146, 13085, 24248, 3663, 17480, 84,
28089, 20130, 18314, 1299, 8742, 7829, 28737, 8323, 29021, 9633,
29006, 32269, 19693, 29606, 11616, 32436, 13981, 21727, 2839, 19625,
21937, 8724, 21610, 19737, 29032, 24849, 9542, 25674, 29897, 18776,
11639, 16358, 24479, 275, 18892, 7063, 18627, 9804, 14454, 13267,
21913, 30816, 27826, 23290, 19165, 13745, 17832, 25758, 6816, 412,
11410, 23329, 5005, 26283, 24096, 13190, 5489, 18699, 25371, 29569,
28411, 23872, 31818, 32208, 18624, 30487, 1426, 30926, 16769, 17628,
5216, 838, 8113, 19150, 21836, 11141, 15410, 13008, 27894, 23731,
2656, 17505, 24628, 13923, 24912, 6350, 18288, 616, 27225, 24486,
20811, 15594, 22740, 18287, 22662, 25274, 20257, 24215, 4387, 31203,
5355, 174, 4295, 2178, 684, 9170, 13923, 28119, 18035, 6762,
13587, 20891, 26085, 7447, 17991, 7572, 8577, 12519, 18208, 13672,
7465, 15820, 17693, 24751, 29150, 26957, 15862, 6987, 3276, 2428,
5832, 16380, 32646, 17448, 3699, 16687, 9618, 11859, 12096, 25623,
17192, 32742, 968, 12799, 311, 12196, 4881, 5087, 27305, 2909,
26617, 19501, 20200, 8292, 10200, 17141, 11681, 2115, 31841, 22572,
4040, 28076, 21705, 12354, 29148, 23987, 16940, 12022, 9068, 14651,
29484, 5230, 16346, 23214, 4827, 28807, 9311, 17394, 3803, 24682,
1871, 26776, 2243, 19040, 5278, 26710, 30405, 3047, 13220, 19895,
14222, 19973, 23069, 9489, 7534, 29660, 4212, 32696, 13497, 22399,
2881, 14193, 18797, 18692, 32272, 1577, 28692, 986, 2916, 17895,
5612, 3677, 30203, 27904, 23622, 14248, 30548, 6794, 17196, 10154,
24431, 18194, 26438, 13693, 25044, 28050, 22271, 30706, 13270, 16541,
17123, 17521, 24601, 16349, 3403, 4096, 29522, 16831, 32061, 26273,
26190, 17773, 6286, 27873, 26934, 8445, 26953, 8110, 29713, 24551,
12885, 18025, 16522, 26045, 22353, 19260, 4339, 10518, 31683, 28078,
26763, 6860, 7538, 884, 6396, 3431, 11792, 15242, 18728, 12504,
28700, 6019, 22821, 30315, 6919, 3870, 18310, 28919, 2710, 4633,
31709, 1367, 32135, 23626, 6782, 32542, 10103, 20459, 17797, 23943,
6659, 18998, 28442, 27819, 18734, 9778, 8435, 32503, 12034, 25036,
23835, 23260, 21115, 6441, 31730, 12488, 13728, 19515, 11126, 11606,
28403, 8850, 29632, 31682, 29195, 8565, 25809, 19615, 19328, 2098,
20879, 13516, 21511, 18098, 15371, 30884, 7902, 16976, 22277, 6005,
10091, 23787, 16562, 11059, 544, 29242, 23229, 28782, 5281, 16224,
25483, 2690, 6441, 26817, 13507, 22542, 28970, 4627, 19214, 27559,
2867, 15544, 31515, 31949, 24599, 24651, 30695, 25885, 19276, 29049,
3643, 32201, 17041, 19218, 14710, 28998, 12499, 11615, 30092, 21828,
30802, 18359, 29263, 8419, 24576, 77, 3053, 21284, 28713, 28236,
11450, 23965, 601, 14886, 31792, 10098, 2171, 22568, 32564, 15488,
20286, 20819, 3483, 31963, 16317, 3687, 16621, 24699, 25694, 22848,
16489, 9010, 13562, 2149, 3657, 27873, 28223, 2271, 14919, 18924,
30803, 14919, 7519, 2027, 8378, 20771, 727, 19107, 11130, 13171,
25213, 27956, 32637, 902, 4144, 915, 29238, 19730, 1185, 4155,
30344, 2180, 9051, 16928, 13027, 26773, 8705, 20197, 17072, 9758,
29911, 15694, 9967, 15917, 25732, 13304, 10782, 22104, 12567, 8264,
15197, 15185, 26183, 18849, 1233, 11707, 17663, 9434, 16710, 28988,
26138, 31727, 5400, 20948, 31339, 15862, 28243, 4973, 19456, 2901,
12313, 32691, 25767, 21043, 11588, 1573, 32178, 3884, 13901, 8812,
7416, 1609, 15981, 31980, 796, 2095, 23553, 31130, 20242, 6038,
10291, 10509, 31454, 765, 16855, 20439, 5535, 18076, 30611, 30741,
24269, 19099, 23875, 16709, 9919, 20865, 20635, 25176, 6256, 10991,
12558, 4616, 20610, 32398, 20207, 18796, 25987, 17222, 21975, 5322,
17776, 14001, 13894, 26284, 3191, 26831, 21133, 8502, 14593, 12283,
29419, 18870, 24816, 6429, 17654, 6781, 19493, 10274, 27196, 26350,
6214, 31913, 23083, 1492, 18878, 12031, 6958, 13817, 28165, 31054,
5913, 12532, 13089, 273, 3783, 24642, 6253, 21707, 28929, 26776,
7321, 29177, 6306, 32632, 3314, 26437, 13817, 16131, 23011, 26364,
26479, 27662, 5308, 24002, 17770, 25207, 31411, 24965, 25969, 7097,
12585, 3247, 6288, 959, 5934, 6560, 26878, 4086, 20550, 21083,
6909, 19622, 27757, 10367, 13570, 21634, 20826, 2426, 21270, 26238,
18689, 17145, 18812, 3552, 22875, 2978, 23188, 4250, 18793, 1030,
1023, 6103, 30583, 17361, 9988, 18132, 25758, 18244, 4146, 13297,
6540, 20710, 8775, 30728, 18568, 4982, 10321, 18429, 20656, 14371,
4883, 19606, 1669, 5376, 9642, 11405, 26026, 10162, 21873, 31972,
4073, 10347, 24865, 2937, 15735, 18717, 25405, 14298, 633, 29927,
25517, 20058, 3526, 9172, 11432, 6501, 17647, 5828, 26328, 7440,
24957, 4010, 16569, 12532, 29561, 23032, 9539, 27709, 27954, 14168,
17864, 6142, 7226, 1181, 31519, 7112, 13234, 11001, 16898, 6266,
19399, 12656, 22197, 9562, 31357, 652, 13288, 25445, 27052, 14931,
30943, 23268, 3655, 4214, 31440, 22336, 25828, 13003, 1421, 13591,
22393, 9213, 3938, 22159, 12388, 29315, 25665, 12779, 16047, 23502,
3100, 11868, 3985, 12231, 28819, 17177, 24888, 2168, 1487, 3249,
12997, 10761, 31406, 19616, 5529, 7919, 13344, 1825, 9167, 25696,
6097, 13124, 16393, 15114, 27144, 12608, 624, 28676, 17103, 31498,
30454, 12805, 24148, 17191, 4319, 18132, 19599, 30142, 30591, 13567,
17445, 20465, 4165, 13776, 7308, 365, 27128, 893, 13168, 3136,
27969, 22431, 16726, 22252, 30314, 11749, 24960, 9401, 15461, 7946,
20752, 26703, 10512, 26628, 10608, 9347, 1719, 29055, 6640, 20338,
9946, 27529, 25777, 27596, 26161, 20879, 8899, 19571, 12782, 27272,
5002, 13893, 29250, 6512, 31590, 21557, 32290, 4600, 21906, 12705,
31819, 17788, 23885, 12000, 21892, 7221, 12856, 9242, 7203, 20144,
7168, 9820, 3282, 29566, 12604, 8939, 3219, 5422, 26009, 17625,
18434, 25720, 17204, 22743, 22490, 23227, 21319, 9034, 3771, 24746,
31240, 23713, 21547, 19777, 18894, 18405, 12506, 20735, 4470, 6033,
28714, 8527, 10757, 5285, 31470, 30791, 18318, 15350, 20338, 15508,
20823, 17864, 15037, 26037, 1335, 19358, 14098, 28776, 27202, 81,
5053, 30562, 22185, 11872, 18956, 17475, 3291, 28807, 9115, 27849,
13296, 22675, 5588, 20548, 12104, 30836, 30391, 2378, 6511, 404,
28375, 10155, 26180, 28263, 19621, 18087, 28763, 27204, 7409, 21343,
30111, 27507, 11438, 6026, 18236, 13191, 22518, 23657, 12476, 10733,
19022, 14845, 23151, 17606, 5162, 26231, 11025, 29682, 14772, 6640,
27815, 17005, 7881, 23130, 14506, 8671, 29764, 17335, 28519, 5230,
2688, 8329, 16038, 10455, 11544, 26249, 31626, 31933, 27633, 27547,
21432, 14657, 30075, 26370, 6587, 15826, 26163, 4816, 12456, 27974,
12653, 417, 23293, 20778, 1872, 31881, 28879, 1879, 23586, 32075,
16677, 11718, 29894, 6348, 8863, 16550, 7298, 28103, 30555, 7851,
26630, 27585, 10264, 10152, 10666, 1600, 23196, 10592, 31480, 10296,
26452, 3738, 32618, 31686, 21051, 1139, 17524, 23072, 19196, 2552,
25285, 30669, 30811, 7668, 17611, 8465, 4817, 32519, 13941, 6828,
4726, 12792, 8764, 31428, 29733, 16972, 8036, 3615, 23002, 28952,
13695, 7573, 2654, 17939, 31028, 10181, 5159, 14063, 26174, 25352,
6009, 22762, 6839, 7075, 31698, 20640, 22423, 16961, 5253, 29731,
27256, 16032, 30885, 21325, 25756, 23178, 4644, 6741, 17200, 22791,
10300, 673, 27858, 3537, 26894, 17883, 10322, 2312, 13962, 18247,
28853, 11047, 14990, 26452, 19072, 13623, 1618, 13681, 32307, 10562,
16643, 29729, 23571, 3851, 10670, 9042, 27948, 28924, 28768, 1259,
13719, 9568, 10892, 20388, 27641, 14290, 26284, 1050, 19020, 1781,
9003, 6179, 23522, 27238, 11395, 27742, 27814, 29935, 9891, 16399,
32166, 9982, 17811, 5930, 25294, 9557, 31066, 18094, 28150, 18434,
4384, 6964, 19232, 5522, 6544, 19912, 29178, 32386, 31360, 15095,
20651, 27894, 6100, 4137, 5067, 31917, 31135, 25394, 12211, 28469,
16268, 26659, 3832, 12379, 25469, 14694, 2610, 32486, 3953, 26122,
3330, 3461, 2731, 14939, 3155, 12293, 529, 30390, 12767, 26823,
12242, 26779, 24821, 27250, 9803, 6660, 30842, 25061, 16940, 2805,
30255, 7280, 2006, 10581, 24369, 24131, 28680, 31484, 4550, 32038,
26555, 11789, 25686, 4971, 1866, 902, 13752, 24353, 17622, 18453,
21168, 8587, 9705, 20270, 21685, 4817, 13401, 9306, 24055, 15860,
14960, 26322, 22176, 22791, 2633, 844, 3930, 28061, 21629, 16405,
27922, 25982, 20992, 20320, 508, 20382, 17733, 23518, 14296, 29007,
5801, 17294, 28531, 30645, 4110, 29911, 14704, 23930, 31686, 8660,
3144, 22724, 10932, 15855, 7056, 25956, 9645, 31153, 13435, 16209,
3620, 12504, 17311, 24916, 29191, 32426, 26620, 23556, 5860, 27786,
14138, 6389, 80, 28361, 5938, 24109, 13705, 9150, 20656, 9687,
2650, 2329, 16247, 7740, 28479, 7028, 17286, 26094, 3274, 5163,
22426, 22598, 11845, 14702, 28916, 32273, 16281, 29844, 3164, 30343,
25199, 8882, 3174, 27773, 24212, 21357, 19700, 27611, 29090, 27148,
4092, 11087, 16861, 21714, 10124, 7747, 30811, 20106, 267, 25357,
18024, 24163, 30145, 24934, 23080, 2558, 1178, 11550, 1662, 28102,
22822, 270, 8749, 12160, 17381, 26189, 25149, 32546, 1986, 23463,
13217, 6633, 8413, 4426, 22550, 934, 26765, 3267, 19022, 27225,
15014, 18729, 11598, 26624, 32759, 10136, 19221, 5809, 16919, 17377,
26238, 10983, 11362, 384, 25703, 2074, 7742, 25807, 4115, 914,
12963, 3193, 32461, 18812, 24794, 24368, 22222, 6206, 6788, 16803,
32097, 17928, 2783, 26794, 28741, 17579, 23365, 7108, 20051, 6063,
8437, 31684, 21344, 28831, 22550, 8647, 19301, 26024, 4089, 10857,
16606, 30307, 11423, 313, 27247, 21230, 24955, 106, 7117, 6465,
18808, 14539, 15836, 31935, 16446, 30201, 4629, 3084, 24753, 21202,
17707, 2335, 19643, 29230, 5358, 1944, 8780, 12234, 3439, 17747,
16799, 23941, 8549, 28989, 18622, 24783, 8655, 21606, 26696, 17502,
22747, 4440, 30066, 4642, 19463, 28072, 23884, 2428, 27014, 22986,
23878, 1451, 9445, 11049, 9458, 10375, 18158, 15479, 17675, 7537,
29901, 26690, 4023, 2186, 12913, 4553, 19977, 30243, 25653, 12301,
28362, 24181, 5056, 3883, 4729, 4498, 31785, 15336, 6288, 8092,
8543, 19854, 4617, 4405, 30409, 503, 15649, 1078, 22825, 24551,
28252, 164, 24518, 21407, 2761, 6624, 18634, 31150, 30599, 12317,
1257, 3083, 8840, 26135, 9795, 9569, 2197, 7939, 13964, 20138,
23698, 6337, 14442, 2815, 13316, 30297, 22558, 21934, 23760, 20133,
3943, 18062, 16453, 4939, 16547, 20623, 30557, 25583, 3384, 20117,
29760, 8614, 27442, 21127, 25866, 22189, 15918, 27298, 13262, 18011,
30582, 20756, 18395, 14676, 365, 14790, 27710, 23040, 31278, 12921,
32648, 13627, 368, 18708, 20689, 13134, 7597, 27708, 19964, 7454,
31875, 14886, 26429, 420, 4698, 12713, 19417, 3997, 23879, 31128,
25645, 14211, 20272, 12878, 11506, 10683, 9009, 1418, 22463, 1296,
8767, 26750, 21711, 18784, 6923, 17442, 10757, 25237, 4393, 30670,
15149, 24535, 26482, 27144, 26501, 11009, 2471, 7067, 8316, 21585,
22871, 28905, 23993, 18019, 25090, 9601, 4703, 30304, 6270, 7668,
1936, 25715, 10650, 3045, 16432, 124, 7170, 6240, 18923, 18185,
18786, 2157, 8057, 10882, 29390, 4068, 32, 7331, 29794, 18050,
24699, 19503, 23589, 29501, 22651, 27363, 26675, 8661, 12971, 4009,
12316, 13996, 184, 2319, 32135, 29911, 22832, 13303, 6171, 10869,
8842, 10896, 2207, 30527, 3943, 24453, 5983, 24929, 12311, 31092,
2514, 11401, 15711, 673, 25467, 10045, 121, 16620, 11789, 25201,
31837, 18944, 3282, 1881, 15423, 10190, 8013, 16252, 27481, 8506,
30495, 25354, 6634, 31507, 9511, 24943, 21375, 17737, 8685, 6184,
27249, 2138, 5441, 3029, 7343, 26382, 16671, 14224, 30141, 2148,
5078, 26238, 4605, 24012, 9577, 19363, 10030, 6550, 9270, 19451,
30258, 27051, 29909, 11974, 2580, 19067, 2371, 10275, 26697, 1590,
13120, 29152, 5686, 13375, 30197, 26257, 6131, 19678, 6874, 21215,
19535, 9525, 3543, 28963, 18964, 26485, 17578, 17204, 8844, 23377,
13704, 15996, 11587, 4787, 8455, 32338, 16655, 20142, 13115, 28804,
32334, 12469, 16415, 12338, 3695, 3082, 7991, 739, 31924, 27512,
27252, 11218, 3125, 8005, 9304, 2441, 12073, 26467, 2394, 12721,
865, 3558, 4236, 32553, 30741, 1467, 24443, 18005, 227, 24982,
13655, 9145, 31253, 14124, 4436, 6342, 8739, 17059, 6223, 27379,
19576, 24134, 32181, 30992, 12665, 8830, 29601, 31447, 32708, 16893,
26180, 24261, 4789, 30269, 1674, 14888, 29231, 4137, 26618, 32632,
32665, 282, 13791, 28394, 29734, 28676, 17317, 30019, 5210, 12018,
31877, 27882, 15562, 9391, 30309, 30018, 11299, 32454, 11257, 21558,
11885, 16301, 8751, 5654, 3473, 32062, 31946, 24481, 27417, 25446,
17996, 9827, 26424, 20257, 28442, 17217, 14602, 5542, 18395, 4946,
7196, 19422, 31521, 6896, 14127, 8731, 19019, 24335, 24633, 10247,
4522, 26830, 25005, 3291, 22498, 10060, 9468, 12241, 27795, 9149,
26204, 5339, 23097, 15293, 21960, 4501, 12113, 21987, 18760, 18040,
25278, 17562, 25714, 14417, 22378, 19244, 22833, 7666, 17200, 31008,
9669, 13864, 31994, 20422, 29707, 14829, 30246, 26128, 32255, 16094,
25391, 32419, 7039, 7663, 22409, 17454, 23890, 12893, 22732, 8187,
22888, 1252, 11541, 24260, 3171, 14131, 26793, 6087, 29783, 17309,
32476, 2588, 18638, 25873, 23090, 25671, 29712, 15180, 16323, 10762,
12705, 32589, 484, 11389, 30218, 23561, 17923, 18528, 988, 16225,
25043, 24239, 20979, 14161, 5034, 15223, 9976, 12138, 6695, 24297,
3625, 8834, 28439, 23724, 2397, 5290, 10649, 17784, 9282, 26976,
19329, 20193, 19690, 27142, 32251, 11632, 5510, 4243, 369, 21752,
17265, 27273, 21678, 4903, 20336, 10279, 22339, 14428, 15160, 11231,
27433, 17080, 24624, 11786, 22953, 16248, 7033, 18651, 32633, 22146,
31532, 145, 1064, 13373, 20706, 7153, 8379, 17830, 19834, 24820,
14745, 31393, 2582, 2493, 20388, 652, 8807, 1485, 3241, 14106,
17451, 23418, 28410, 10591, 22515, 15773, 22617, 1319, 10026, 10636,
1048, 16012, 9043, 8520, 10367, 15816, 12946, 22007, 18286, 32071,
9582, 22164, 29251, 19969, 14805, 5861, 1278, 13830, 20320, 25261,
7332, 7514, 12505, 4388, 19681, 15620, 5883, 3236, 22768, 1122,
18552, 677, 29632, 26815, 31553, 20459, 19279, 21287, 23297, 31998,
25434, 8314, 22762, 24283, 825, 26560, 10421, 12265, 15109, 31420,
3812, 13614, 17403, 21700, 25675, 17347, 16421, 27600, 29390, 14981,
7479, 6096, 3948, 17422, 7863, 1091, 5501, 29924, 21344, 24581,
10039, 6639, 31177, 16232, 22391, 19249, 6210, 25735, 8383, 5809,
19454, 25047, 19834, 22456, 4984, 19199, 13704, 3648, 6159, 26602,
29942, 19114, 15091, 7706, 13, 431, 26949, 1087, 14479, 23705,
31610, 21512, 26685, 22963, 9217, 11833, 17564, 20734, 12581, 25854,
24569, 12581, 9780, 16510, 11179, 2227, 28641, 29108, 28568, 12164,
14311, 10106, 23291, 9337, 7151, 31207, 4708, 29552, 19380, 8155,
24320, 14196, 21093, 8920, 25370, 3376, 3915, 1300, 30690, 2474,
8619, 3532, 6253, 2350, 19438, 12250, 32254, 27271, 4607, 16010,
20868, 2678, 5877, 25770, 5731, 4956, 32242, 4576, 12919, 30010,
21066, 21057, 14166, 6619, 15080, 17438, 20694, 10576, 31982, 8225,
31952, 29341, 4508, 1945, 28707, 19634, 21363, 3347, 19707, 925,
1690, 11050, 3667, 9725, 16512, 7584, 19640, 18106, 29379, 20653,
16464, 1779, 7505, 23190, 9244, 31800, 27597, 13186, 24186, 18170,
16948, 8074, 4846, 27967, 31936, 32527, 289, 19866, 26380, 31056,
21802, 15963, 11898, 13627, 19725, 11523, 21458, 5252, 22401, 20987,
24619, 9461, 4087, 19589, 24847, 15365, 15319, 15090, 28634, 28843,
11533, 8982, 18531, 26484, 11716, 16121, 13022, 9428, 22897, 463,
17665, 22969, 1812, 26922, 15974, 24166, 10427, 28271, 1073, 20351,
17479, 11398, 32754, 352, 26994, 3542, 26061, 15795, 18705, 5745,
9688, 32578, 20887, 7819, 3268, 8201, 29915, 4401, 22464, 11664,
31515, 824, 16282, 22392, 1856, 13939, 16167, 11347, 12387, 23849,
6374, 6329, 21649, 12741, 24544, 23704, 2251, 14032, 2002, 27339,
19025, 13085, 16526, 26350, 21793, 15939, 8351, 13681, 17338, 29008,
25388, 20972, 23589, 4028, 15647, 24498, 11830, 15516, 3461, 10409,
26384, 4120, 27960, 32345, 32231, 8479, 25020, 12610, 7690, 22362,
14184, 4723, 29216, 6494, 18118, 13144, 13489, 11045, 10556, 22484,
10729, 20671, 8427, 20111, 26265, 2373, 14295, 9106, 2175, 30223,
23112, 24849, 17351, 16934, 28785, 21127, 27089, 7676, 15184, 32265,
19765, 9051, 30933, 18387, 9989, 13724, 4934, 29736, 24914, 12825,
24546, 31577, 27377, 1253, 12485, 25635, 30846, 30138, 15883, 6205,
22178, 16690, 10808, 26418, 12690, 21050, 9688, 11117, 30168, 12228,
30306, 17810, 11862, 29373, 25698, 25109, 904, 22591, 21719, 15621,
16393, 17415, 4570, 22568, 32345, 18217, 1665, 22349, 25565, 32514,
29187, 30430, 3367, 24687, 22045, 20661, 3960, 17212, 9396, 25392,
13187, 16864, 28859, 3720, 19828, 16743, 9815, 31838, 22065, 13743,
3649, 9623, 10720, 30167, 8301, 27242, 4009, 13557, 27113, 28855,
28349, 29447, 2567, 15515, 21655, 31277, 2750, 14145, 12418, 15381,
6222, 6139, 26715, 9142, 23587, 25489, 10904, 12097, 32508, 30169,
8585, 26196, 5708, 18823, 27614, 113, 224, 29255, 32362, 20400,
30403, 32009, 21286, 17328, 20575, 10908, 2425, 6355, 18660, 14463,
23478, 1963, 16366, 11252, 3559, 2223, 15970, 21333, 14793, 51,
17048, 29099, 7191, 26263, 6080, 18557, 18187, 16574, 15486, 29670,
24099, 31937, 7384, 19690, 16161, 1765, 9042, 17930, 15445, 10955,
25943, 30230, 19486, 5351, 28379, 17731, 20911, 2099, 28991, 28798,
25359, 7205, 22901, 22271, 12387, 5854, 4452, 17952, 28784, 14244,
28814, 14192, 30300, 1426, 8176, 13571, 21684, 30350, 29993, 22541,
12724, 636, 2271, 5551, 12482, 30385, 3167, 19985, 5435, 7595,
8835, 20913, 626, 3839, 16345, 20731, 31990, 15250, 22017, 27161,
4372, 2572, 20055, 18700, 17053, 6026, 6099, 3580, 10730, 28820,
19501, 28108, 25116, 22094, 12356, 16626, 11432, 25586, 5056, 29830,
28180, 10365, 21494, 4504, 26619, 2217, 1549, 20167, 21591, 32028,
3167, 24591, 17920, 223, 6946, 30947, 29295, 17425, 28744, 13436,
18632, 30429, 17059, 22640, 31256, 16553, 11341, 9606, 22234, 14224,
5191, 10953, 9665, 27667, 23392, 20187, 22449, 23819, 20569, 908,
15630, 26594, 12102, 22443, 8250, 2307, 12343, 23325, 26969, 143,
26904, 2347, 12120, 12114, 1750, 11552, 23085, 16373, 8644, 29972,
14944, 28789, 12604, 9987, 14794, 4052, 25225, 11298, 2461, 1038,
22276, 26226, 29092, 27726, 3454, 1173, 9420, 13154, 31454, 18401,
16100, 9836, 5643, 28851, 20385, 25563, 23309, 17669, 5861, 13978,
2415, 25923, 22080, 12679, 8679, 25435, 23480, 7975, 26425, 20500,
10693, 6552, 26200, 12960, 24736, 24263, 18894, 7796, 19645, 13539,
31839, 23383, 16022, 29457, 24297, 21433, 4011, 609, 5519, 15687,
30919, 27392, 12310, 12220, 7556, 16816, 12687, 7674, 28945, 2422,
15159, 25945, 22579, 23954, 24219, 26431, 11402, 30644, 23296, 24817,
1302, 26221, 18945, 30120, 26618, 2020, 32634, 7912, 18815, 7370,
8357, 30477, 31835, 1936, 13955, 4647, 30516, 3031, 16254, 22791,
4960, 8744, 1100, 6810, 10479, 13285, 13334, 18294, 11243, 21375,
3034, 2995, 11998, 17642, 3342, 15100, 28309, 27214, 1926, 17125,
19236, 26880, 31383, 6015, 21034, 6832, 4477, 20011, 15958, 7908,
16122, 23211, 4138, 8357, 15424, 8831, 9215, 9335, 28433, 23150,
26954, 29327, 31525, 25187, 7965, 28993, 716, 4986, 14833, 952,
23252, 13403, 22178, 16617, 13741, 1991, 24251, 5833, 2507, 10608,
16884, 11710, 14156, 11534, 26873, 8276, 12507, 13231, 17773, 23346,
11220, 27470, 9007, 14668, 7080, 11432, 7900, 12378, 31876, 11083,
26005, 8584, 12589, 27632, 8706, 8815, 30767, 29962, 14998, 21060,
15414, 28063, 17685, 3919, 17340, 7767, 21332, 8351, 996, 2259,
32065, 10237, 6822, 2367, 19490, 28702, 13357, 13867, 27426, 27421,
24445, 29334, 16649, 29992, 5721, 26188, 22347, 12153, 31844, 20595,
12868, 1927, 6534, 26720, 32450, 15998, 5009, 16559, 14532, 1261,
11045, 24722, 12161, 32447, 32721, 1897, 2732, 17261, 24442, 20115,
13559, 11890, 9473, 7556, 20438, 5118, 27168, 9240, 5253, 11758,
4245, 20263, 17996, 21756, 26243, 27482, 6658, 23091, 27157, 27197,
14032, 5287, 28772, 32149, 13367, 30562, 13211, 31987, 14676, 17313,
3161, 18825, 8547, 11073, 23126, 9277, 18819, 30580, 24650, 10748,
27576, 1976, 5898, 27217, 11062, 15626, 15348, 19510, 13789, 9558,
7822, 13610, 7936, 31539, 29034, 9859, 22378, 19917, 8781, 17670,
26275, 25890, 32143, 32437, 18799, 13938, 8389, 17128, 6552, 31984,
158, 159, 25325, 19134, 1547, 24343, 18827, 9752, 1699, 25755,
25947, 1744, 7237, 32669, 30428, 18426, 8191, 9733, 22819, 25064,
19502, 32457, 21792, 89, 18919, 18878, 14882, 18669, 11670, 31150,
24477, 26076, 9957, 13482, 29740, 10472, 26592, 11937, 15826, 23184,
1878, 4658, 12165, 2439, 25218, 27583, 30701, 28260, 16874, 19139,
28009, 14235, 17800, 3429, 31571, 20908, 23592, 2637, 29829, 32666,
18961, 3254, 28443, 22431, 743, 22212, 3451, 30750, 23248, 7704,
22675, 2265, 21206, 13987, 3938, 23652, 1165, 24503, 4026, 17882,
28917, 26468, 15428, 30414, 13985, 6145, 964, 31108, 29465, 9225,
28062, 7009, 21374, 1065, 20378, 23457, 6252, 31638, 4324, 12872,
4388, 13988, 7767, 17243, 20971, 14229, 29690, 21071, 10669, 1454,
24523, 2498, 6886, 21137, 25020, 27497, 23491, 2502, 19708, 31818,
8580, 32411, 3703, 299, 15140, 11310, 15520, 24394, 16188, 15304,
21614, 30030, 20773, 17772, 18340, 126, 16732, 32432, 16470, 25137,
3371, 19404, 15785, 22917, 390, 26353, 28122, 1364, 1332, 4572,
27010, 16996, 20015, 1450, 13336, 14814, 1612, 5358, 9655, 13314,
8990, 13313, 8737, 792, 29976, 23449, 16645, 6826, 12787, 31133,
19325, 9968, 32335, 25656, 13019, 14476, 15005, 813, 25765, 22648,
5948, 9066, 8158, 6204, 13282, 10463, 12167, 29284, 20030, 4752,
11878, 3889, 17372, 1257, 14342, 16783, 27464, 20050, 11007, 20551,
2166, 6660, 24695, 24438, 24673, 17691, 31977, 3646, 12275, 2540,
15910, 7355, 2597, 30104, 27289, 11832, 24935, 23522, 17870, 31651,
16450, 15677, 11830, 2623, 30012, 21289, 18468, 15001, 13820, 14016,
23068, 17341, 32174, 21900, 15949, 28329, 10921, 10396, 3420, 9730,
8015, 25047, 26211, 11782, 27189, 912, 30778, 6338, 14725, 5722,
12277, 19077, 7584, 28957, 12461, 8852, 24327, 18281, 30852, 7199,
27515, 29195, 22243, 31604, 7779, 9694, 6150, 23411, 26735, 3300,
2491, 12098, 6779, 30101, 15718, 3138, 22454, 3191, 11081, 20545,
29443, 21487, 6914, 30705, 15263, 20055, 30037, 14744, 32004, 3664,
25388, 14346, 13838, 8538, 24028, 25045, 19293, 2210, 5290, 20667,
14586, 13338, 19342, 15717, 1853, 13263, 5943, 23381, 1774, 4984,
6734, 12573, 6314, 5194, 10239, 16590, 904, 14612, 28598, 5300,
7933, 22663, 5670, 1088, 21501, 10709, 24464, 17734, 14691, 32639,
20290, 7529, 20371, 9319, 24670, 18387, 8030, 3885, 15324, 25385,
16422, 24504, 4050, 31677, 2370, 23315, 27635, 1542, 29347, 22907,
18262, 23886, 26808, 23222, 4986, 6827, 6032, 13478, 134, 22576,
28991, 4125, 22229, 13412, 29570, 10227, 2481, 10739, 28838, 32342,
26463, 4004, 24485, 31842, 2653, 21643, 30611, 12273, 28647, 19584,
6712, 7093, 22463, 8400, 20991, 19844, 20782, 14642, 26383, 12018,
6470, 12540, 20407, 17445, 11883, 11414, 15, 19685, 15634, 9007,
23772, 31731, 18887, 28848, 21941, 14492, 15477, 17390, 27236, 7821,
12514, 15652, 8079, 12265, 12409, 20640, 9880, 28057, 14668, 16828,
15553, 18916, 13913, 18960, 1428, 10559, 19724, 16614, 25730, 25958,
9222, 22254, 6602, 1707, 1821, 14900, 9884, 10126, 3236, 13902,
15486, 13967, 8172, 9434, 15344, 2624, 5386, 16936, 1611, 31646,
10715, 14899, 9967, 31393, 6214, 470, 6045, 20754, 7617, 20540,
9250, 1949, 7191, 19609, 12598, 8487, 14184, 17431, 27299, 8290,
5489, 31764, 7338, 2974, 8717, 29834, 15522, 25314, 31996, 11982,
25826, 15419, 29924, 19582, 18401, 31316, 13205, 6836, 24220, 20807,
32657, 23936, 22072, 3507, 14028, 28566, 233, 21007, 26288, 2627,
19986, 15933, 9572, 18854, 3502, 13666, 4174, 16668, 750, 13814,
5079, 13308, 2595, 30743, 24686, 18053, 21983, 17955, 12495, 15124,
1879, 17285, 17797, 3994, 9740, 5583, 14765, 3918, 15019, 9226,
5374, 11423, 4401, 24649, 16134, 14189, 26194, 20357, 14262, 17272,
1052, 17316, 14625, 21273, 4568, 31707, 9857, 6704, 6961, 7990,
27771, 27997, 4760, 17781, 13988, 12659, 21222, 538, 7747, 24361,
25667, 9664, 13913, 28435, 2119, 10670, 6366, 16849, 20832, 31148,
22862, 22663, 18804, 4118, 100, 29069, 27591, 6190, 29989, 23911,
30238, 2742, 30497, 8183, 21797, 30911, 3574, 12785, 12302, 30908,
4629, 30352, 22395, 27098, 13001, 14727, 7070, 404, 7541, 18747,
19870, 22401, 10781, 303, 28733, 25457, 12583, 22719, 23481, 8633,
28259, 18962, 22767, 20939, 5450, 9546, 30662, 778, 31363, 9213,
9419, 25564, 30380, 20713, 16921, 1792, 26198, 6115, 18300, 4898,
27473, 4625, 11734, 4268, 21291, 25177, 10689, 18912, 18163, 13849,
31093, 28964, 10306, 15897, 18925, 412, 16253, 13246, 30533, 3582,
8020, 16000, 11367, 29090, 24974, 19869, 9702, 6105, 8457, 14863,
7210, 19840, 21756, 17596, 6350, 20693, 29056, 17646, 15174, 5001,
29007, 6914, 12485, 25366, 11467, 15204, 25437, 27474, 8770, 26043,
9321, 18244, 4976, 23648, 22056, 5175, 7237, 12309, 22698, 15118,
9961, 29684, 15856, 25559, 24830, 28069, 2383, 18339, 5669, 5588,
32277, 21652, 5059, 31970, 16751, 22583, 31237, 26587, 21386, 9236,
7713, 14761, 9209, 24708, 25055, 31879, 17751, 451, 9305, 8120,
1069, 4934, 12286, 15736, 25877, 19791, 18909, 32051, 20000, 10430,
17953, 26101, 24438, 25898, 17879, 13602, 16188, 13616, 504, 3431,
23739, 1291, 18339, 4592, 28350, 3941, 2474, 16859, 12603, 13421,
11088, 10221, 9782, 18218, 26705, 12932, 24035, 17679, 32291, 18381,
2571, 11215, 31356, 27191, 24752, 24947, 21268, 296, 4596, 25257,
10924, 6638, 21815, 11103, 26447, 13560, 20864, 3472, 32216, 29510,
25886, 27230, 5812, 14366, 4239, 354, 28649, 4865, 2208, 19008,
8279, 1501, 13270, 3198, 8254, 31620, 5901, 10646, 15105, 605,
30047, 19785, 20010, 8025, 10055, 30775, 31149, 19753, 27910, 6317,
9585, 31663, 16454, 9662, 12, 9138, 26878, 28821, 23247, 17109,
22933, 8201, 1794, 21450, 5706, 2674, 6256, 5827, 11219, 25019,
12583, 15913, 31044, 26041, 14969, 21393, 20787, 4283, 12102, 26860,
13850, 29283, 23422, 27133, 13820, 11444, 13537, 8721, 10572, 18283,
12553, 18922, 22794, 19859, 15531, 12796, 20527, 26964, 14362, 23772,
23627, 29196, 7436, 7669, 365, 8353, 12705, 4221, 25923, 24085,
27809, 31399, 30082, 24666, 28421, 28954, 19848, 2408, 14010, 20131,
8001, 15502, 28321, 21542, 9031, 7685, 32730, 1243, 21581, 28875,
18498, 4790, 31165, 1710, 6714, 28455, 17824, 30375, 27051, 21508,
2495, 3434, 19015, 22724, 18439, 11323, 8977, 26605, 8754, 2563,
15135, 10447, 27812, 2723, 926, 12659, 26771, 8328, 17176, 5327,
26987, 27776, 1522, 8507, 26993, 4044, 30777, 25385, 20902, 25718,
3230, 16400, 30958, 4069, 5310, 15785, 7793, 9134, 11943, 18782,
25410, 16557, 11160, 5120, 1855, 28757, 21513, 21944, 27960, 10308,
11499, 3648, 10835, 11290, 8753, 5458, 9390, 16780, 14991, 3937,
1351, 27316, 14466, 6792, 281, 6827, 19600, 18368, 15752, 6234,
15569, 13397, 21503, 909, 9646, 22427, 14552, 12361, 14313, 22749,
2428, 19552, 6110, 406, 1483, 834, 16904, 8163, 14526, 5142,
6342, 27961, 5194, 3594, 32607, 19795, 1160, 9959, 9796, 31087,
15892, 24552, 27798, 27578, 19379, 27852, 31464, 7945, 7992, 4394,
31558, 30409, 10664, 26629, 4726, 25401, 16028, 18848, 32381, 5591,
18151, 17299, 32358, 23063, 1657, 22303, 26430, 26203, 31107, 29119,
2659, 14624, 3292, 21503, 20735, 22133, 13732, 23185, 12495, 31154,
11303, 23966, 24105, 3942, 19971, 6746, 24381, 2961, 27534, 23259,
25755, 28692, 1138, 20523, 2805, 5989, 14234, 21148, 27174, 6023,
27218, 31835, 5492, 20794, 27305, 21064, 28946, 32623, 4378, 28421,
233, 23294, 9580, 25677, 5273, 9883, 2775, 18056, 29882, 14087,
30568, 5788, 30055, 19331, 15015, 32261, 4605, 19082, 22390, 4392,
30240, 14015, 30012, 3044, 6143, 28709, 27715, 15467, 18393, 5518,
29023, 4176, 22721, 6742, 9425, 30689, 18078, 25680, 2154, 5046,
32117, 1537, 8436, 24714, 9707, 26892, 18125, 21834, 6917, 31982,
27093, 10092, 27955, 15851, 19594, 10626, 5773, 10312, 31346, 30735,
17500, 27579, 32186, 26777, 23004, 29472, 6172, 28415, 4160, 5229,
774, 27917, 22519, 31976, 31480, 8270, 24366, 11672, 6701, 8737,
24982, 7161, 18047, 11791, 9575, 19188, 13957, 8796, 18853, 28685,
20990, 28380, 18850, 30943, 29042, 26120, 22980, 1221, 16662, 9297,
392, 9947, 19185, 437, 5831, 1061, 27709, 16783, 32312, 8717,
14864, 29875, 21815, 30995, 6459, 16826, 26820, 8128, 3442, 1947,
7631, 8667, 942, 3708, 11955, 22496, 7120, 15047, 25088, 21166,
13703, 30335, 7805, 12160, 17523, 17621, 109, 26654, 12171, 13302,
21522, 29525, 16316, 8488, 6512, 18852, 25042, 789, 30035, 8760,
16284, 11878, 13203, 31771, 29771, 18580, 16023, 18344, 24604, 23803,
12312, 17474, 24375, 18481, 24359, 26181, 26582, 28053, 3954, 22845,
21417, 27435, 9667, 29270, 22650, 16295, 1481, 10004, 29709, 5831,
32027, 23620, 20298, 12262, 24442, 8499, 23709, 4815, 14422, 11037,
13726, 1743, 13716, 9448, 31725, 14, 12175, 10002, 16736, 30494,
29277, 27625, 15201, 24277, 11347, 5114, 17809, 11352, 9675, 3787,
30642, 9593, 9764, 31693, 21187, 26947, 10763, 6028, 18796, 26322,
20217, 2345, 10141, 13929, 6141, 9226, 7539, 2238, 28604, 29136,
29019, 8344, 2998, 6281, 7545, 2716, 5323, 28967, 23627, 1892,
14589, 25138, 26761, 23506, 2679, 21177, 29776, 31652, 20431, 18830,
7040, 16968, 10632, 3251, 21859, 11761, 12507, 21775, 10639, 20714,
29622, 27237, 11277, 27947, 29190, 15239, 1210, 28202, 50, 18119,
1518, 13555, 13031, 26287, 5724, 27259, 14363, 22258, 29241, 19505,
16716, 1441, 1953, 9943, 25353, 1186, 29238, 29584, 3508, 12127,
23050, 19258, 902, 22715, 14783, 9213, 28627, 5450, 20460, 3364,
912, 30145, 16323, 23852, 15122, 17835, 9457, 1563, 12568, 8798,
7878, 1044, 8972, 32302, 5782, 6695, 2694, 25568, 17759, 20845,
28690, 3682, 15531, 28245, 23347, 10425, 30392, 20537, 936, 19002,
12759, 28469, 10221, 765, 6930, 27704, 11525, 3215, 3089, 26459,
27511, 29415, 24639, 4210, 19863, 18843, 9512, 9697, 8966, 16724,
10789, 21938, 19836, 12672, 13116, 13540, 10949, 27206, 21314, 16645,
24586, 25279, 12610, 8195, 27218, 5987, 15651, 4671, 6216, 11457,
6020, 19171, 20799, 10868, 12523, 8822, 19827, 25170, 25631, 22445,
9106, 22502, 4050, 21124, 20347, 15393, 29571, 7566, 5701, 20812,
21411, 2441, 27523, 19265, 10487, 12086, 15302, 32731, 24381, 17256,
16484, 31659, 26386, 29018, 16504, 20204, 7955, 12101, 25386, 9913,
22595, 16690, 30513, 1662, 31149, 24077, 21398, 13741, 1866, 11004,
13754, 13746, 4132, 239, 16538, 21544, 18364, 12407, 338, 11597,
20137, 14299, 7392, 12979, 28291, 8041, 2859, 2617, 19711, 28682,
836, 22842, 23131, 30745, 31979, 20484, 32509, 21109, 27477, 2444,
19543, 25557, 5420, 4960, 13581, 16988, 11736, 12764, 4186, 15214,
5117, 13473, 27824, 27585, 22852, 28483, 30110, 7607, 30559, 10818,
28919, 25067, 22087, 8252, 5937, 5641, 1992, 23392, 19211, 19940,
23616, 1830, 29810, 21186, 13476, 2621, 678, 11514, 13763, 31941,
22937, 27586, 16591, 20159, 11928, 8002, 21785, 12994, 6188, 14573,
16156, 8431, 21827, 17936, 14525, 1575, 3979, 14507, 24273, 29563,
7455, 12929, 8160, 25059, 1381, 1643, 2088, 24115, 19766, 25585,
3813, 12620, 20032, 24859, 18640, 22671, 7593, 22149, 9190, 25240,
17909, 16818, 4202, 1064, 22570, 8610, 15149, 31074, 6194, 423,
15629, 1851, 18560, 9844, 25532, 12588, 22775, 4471, 30659, 30505,
32007, 20073, 9158, 12247, 27929, 16163, 24841, 21242, 22317, 22963,
3379, 18476, 17089, 3247, 3410, 3541, 27637, 15817, 8736, 19543,
23022, 5796, 20869, 10633, 13432, 5094, 2396, 28775, 7407, 2703,
24442, 24840, 3679, 6025, 4844, 15568, 2282, 11647, 12929, 25318,
3178, 13555, 3209, 4328, 9816, 29323, 19419, 7134, 5869, 10156,
26141, 13677, 20870, 8522, 16191, 4430, 23629, 10495, 9801, 32510,
21270, 3162, 3927, 19382, 4487, 11897, 12001, 157, 18556, 22490,
23104, 20797, 681, 14446, 20846, 20019, 23682, 20463, 22030, 12331,
29527, 12404, 13228, 20236, 20420, 20291, 7493, 6512, 20296, 22502,
1034, 8279, 20788, 13697, 19297, 2844, 10951, 18018, 32301, 1960,
9879, 28122, 26959, 2789, 4914, 30795, 16237, 30069, 9478, 1411,
10737, 28837, 12158, 27976, 27477, 6044, 31086, 21044, 30367, 16601,
12465, 22212, 8231, 31708, 16657, 10411, 19360, 5922, 4710, 22124,
15190, 16983, 29186, 8999, 25781, 8392, 11085, 19635, 28171, 24599,
5037, 30702, 14735, 10034, 3497, 14161, 8609, 29061, 18253, 24520,
19027, 10863, 14288, 8128, 11305, 7411, 8308, 3201, 15389, 2993,
5294, 6590, 21734, 1300, 19847, 12138, 17786, 18380, 19522, 20942,
10450, 19327, 4159, 4057, 27373, 16827, 25631, 11191, 7959, 9008,
1577, 12709, 2923, 7452, 12268, 28931, 3479, 29446, 16678, 2986,
15583, 10415, 4581, 3969, 28005, 2118, 12268, 20043, 30887, 22747,
2904, 26563, 28489, 22806, 22148, 14827, 6165, 21033, 7465, 11169,
24640, 22275, 22218, 1395, 8430, 966, 30799, 19636, 24057, 20860,
18672, 21711, 25070, 20998, 32340, 31452, 23385, 26708, 25594, 16241,
24387, 20700, 4569, 12987, 29944, 3652, 30275, 26317, 3854, 3682,
14095, 23607, 5538, 7015, 11767, 7387, 26085, 27991, 1087, 30972,
27352, 28605, 12696, 6808, 13139, 3996, 25155, 25336, 10572, 9640,
2169, 18053, 20054, 20662, 7435, 6877, 8552, 21618, 21318, 2854,
4576, 20560, 17433, 9891, 9159, 25285, 21626, 15748, 10583, 3254,
23301, 3, 13754, 26929, 18662, 5036, 11541, 3419, 23034, 4860,
5573, 9385, 4145, 11054, 3817, 7507, 32311, 19538, 4128, 30982,
9555, 8095, 22164, 5594, 27279, 14346, 9015, 899, 26393, 12568,
11852, 14539, 6121, 12272, 29738, 15680, 12452, 31412, 16188, 6953,
5568, 6673, 4941, 11711, 16874, 14613, 24066, 8090, 6820, 14145,
4264, 11626, 30771, 8416, 1840, 231, 25784, 407, 24696, 14347,
22173, 17724, 11213, 27774, 27186, 6891, 4013, 20306, 24216, 3671,
19921, 11504, 23007, 19295, 18539, 27986, 14443, 16354, 27820, 25715,
27548, 4051, 9865, 1796, 11182, 3984, 16831, 22369, 221, 14447,
23572, 7875, 26573, 19354, 19680, 18103, 5418, 5918, 9677, 26319,
7307, 4414, 12507, 23191, 32413, 15885, 4007, 29642, 25213, 4924,
24556, 7366, 32357, 20016, 2378, 32574, 29579, 28759, 6214, 815,
8518, 21949, 19091, 14869, 13171, 6618, 12432, 2654, 28695, 16047,
2065, 12063, 2118, 18961, 13410, 24582, 28739, 19780, 30601, 13712,
744, 2763, 20684, 7547, 29768, 11903, 9331, 29567, 22420, 19423,
4303, 4665, 15419, 5799, 5243, 28776, 9813, 2468, 27106, 7771,
26178, 28614, 15361, 14250, 5006, 887, 6255, 7461, 12056, 6187,
17050, 2826, 12404, 568, 19539, 24443, 653, 12521, 6029, 9518,
13199, 11981, 9569, 13927, 23556, 31829, 22102, 3107, 317, 30878,
32736, 3478, 30451, 19596, 31526, 29656, 1070, 3096, 4360, 5596,
20326, 491, 26465, 12449, 21992, 22827, 21385, 32684, 29308, 6549,
13855, 14773, 14149, 10700, 17413, 17825, 7912, 19440, 24747, 15280,
22769, 18547, 28049, 1784, 13682, 15144, 13063, 15122, 29676, 13981,
17976, 29203, 31091, 12715, 4198, 18109, 12814, 29515, 23415, 16119,
8541, 28843, 1969, 14971, 26238, 20866, 20162, 14799, 14128, 3744,
14339, 4470, 5689, 24265, 8701, 23911, 18694, 26051, 1325, 18622,
20626, 22958, 21508, 32178, 27017, 4756, 7218, 20935, 22444, 14401,
19748, 580, 119, 597, 18379, 5352, 6401, 16023, 7072, 12505,
27429, 4492, 5349, 989, 30175, 9545, 45, 1996, 27896, 14981,
18206, 15430, 23526, 20466, 19062, 10401, 28654, 21454, 7500, 14885,
11659, 5044, 1433, 21116, 5395, 24249, 26102, 6756, 31384, 3508,
29863, 27815, 5388, 26077, 25561, 27981, 2217, 2458, 24360, 8464,
28816, 27541, 612, 6416, 11185, 30738, 11669, 1736, 28906, 26752,
23100, 19521, 28275, 30029, 21980, 23685, 30841, 23039, 1465, 87,
2825, 24449, 6112, 21281, 9008, 24762, 17767, 3118, 13153, 32100,
2550, 26649, 14102, 28444, 29831, 18054, 10682, 13493, 30057, 20495,
25799, 2002, 19851, 14466, 10540, 20660, 759, 29001, 22513, 3152,
32413, 24617, 7709, 22693, 14162, 28208, 6104, 6988, 3608, 744,
11981, 30289, 16288, 16337, 14290, 32577, 3853, 4110, 5067, 27780,
3579, 24671, 22475, 11501, 9664, 4943, 16509, 7568, 17905, 1455,
29891, 20948, 23593, 14146, 23452, 8649, 30981, 27578, 2379, 29371,
18035, 22499, 1974, 28167, 13101, 12063, 32268, 6701, 30592, 9490,
31658, 2599, 22354, 14238, 27200, 5881, 17763, 21778, 27439, 22410,
19411, 12958, 9270, 19122, 24037, 26379, 16206, 26516, 30466, 7592,
8658, 2094, 11009, 30088, 7907, 25134, 2981, 24810, 10507, 519,
1895, 6393, 18208, 31813, 9590, 31158, 20588, 18717, 17149, 23090,
13322, 32329, 13732, 13568, 20371, 23315, 30553, 13546, 6395, 23215,
16208, 31203, 8117, 16589, 11336, 10813, 10526, 21615, 25617, 9244,
27672, 15608, 19531, 25387, 12277, 13702, 16496, 28301, 21144, 2690,
26901, 25367, 31190, 5494, 6252, 28092, 29730, 11038, 20494, 19016,
3178, 12225, 21495, 6738, 21820, 17857, 28370, 10347, 12077, 19058,
19320, 27548, 3707, 5416, 1971, 24336, 17393, 11412, 25671, 525,
19723, 26192, 13875, 5161, 28507, 9400, 32052, 25018, 9003, 9980,
17291, 13454, 4452, 8051, 11008, 15580, 10415, 1074, 19239, 1659,
3545, 19934, 17634, 20050, 27516, 6334, 12071, 19472, 25820, 23572,
16643, 17437, 12303, 11182, 23775, 30160, 7009, 14264, 24835, 14818,
502, 32468, 24920, 25890, 29617, 26221, 11890, 17259, 5205, 11591,
19917, 16083, 30186, 27739, 18263, 1830, 29283, 6627, 27695, 19859,
18557, 17073, 31405, 26788, 32746, 28100, 17314, 29812, 22703, 24093,
13537, 17180, 18891, 9935, 27902, 12654, 21273, 17750, 15445, 13286,
9847, 13865, 14158, 12253, 27688, 14227, 15840, 29952, 9847, 11966,
7252, 27393, 30877, 25361, 10572, 18316, 21733, 955, 1283, 24701,
22030, 11152, 24022, 28240, 18417, 22293, 24068, 21208, 9060, 214,
9906, 14388, 349, 22528, 31794, 7168, 18779, 17707, 1924, 6856,
7937, 12664, 20765, 4034, 21252, 17372, 22760, 23740, 23368, 2235,
28555, 28243, 5702, 14265, 13547, 20582, 23985, 3021, 24562, 26314,
11353, 24983, 13200, 7743, 23375, 4083, 17663, 10659, 14922, 11982,
30540, 8038, 1865, 16440, 20499, 2878, 2426, 28603, 2442, 18460,
21339, 23531, 1472, 13918, 28703, 7743, 1831, 8774, 83, 1311,
21073, 28331, 2497, 13374, 7415, 22510, 32405, 7978, 28223, 25392,
16318, 4642, 21566, 19906, 7831, 15655, 4796, 4317, 8647, 30037,
12088, 19860, 4454, 8308, 32300, 13574, 3681, 32459, 5523, 16600,
14623, 18228, 18599, 20451, 11108, 18806, 4335, 31529, 18806, 2766,
2169, 14094, 11903, 4303, 22885, 5317, 14387, 20077, 18083, 14344,
30130, 26452, 12796, 21772, 32176, 15742, 17239, 19124, 28627, 32004,
5429, 11525, 9564, 6708, 2687, 21466, 21770, 30181, 12673, 16856,
11835, 7175, 22582, 30629, 12117, 20606, 13766, 1877, 15204, 24113,
19789, 31781, 13061, 23645, 28126, 27244, 5250, 24112, 29640, 15310,
26430, 16531, 12055, 2995, 30292, 2631, 4958, 10231, 7803, 4659,
5300, 2532, 13101, 24572, 22013, 23389, 16136, 31447, 3179, 23643,
9076, 6811, 15428, 15518, 23430, 28443, 13029, 15772, 26148, 29106,
25095, 12478, 7018, 29983, 65, 9675, 29005, 26515, 4814, 23972,
29566, 31497, 17553, 21811, 29329, 10198, 11862, 31902, 11871, 15745,
29787, 28352, 32681, 30164, 23823, 15577, 17662, 15923, 17689, 8836,
5854, 11053, 5276, 13802, 1823, 19025, 6585, 26678, 28560, 17987,
27734, 27209, 5085, 4367, 16158, 18862, 6834, 2236, 16841, 22992,
8739, 18981, 30878, 15722, 29516, 9732, 11574, 9280, 6452, 27728,
23682, 4365, 24312, 457, 17936, 15292, 31013, 29649, 137, 25562,
24165, 32381, 14207, 10060, 4958, 14572, 30309, 12605, 28119, 23511,
9439, 21851, 4892, 22122, 6205, 27459, 13732, 9554, 24129, 32313,
22002, 8216, 9513, 9501, 2745, 12461, 25833, 5786, 5187, 10566,
11705, 19873, 16147, 11369, 16335, 21014, 22986, 23368, 20590, 31177,
16967, 15951, 8223, 13735, 19986, 7161, 17983, 16178, 4603, 12775,
21945, 14894, 19710, 1075, 16149, 7837, 31338, 14082, 5042, 32494,
20291, 9816, 3663, 32370, 9956, 12337, 1232, 3087, 8936, 25805,
10047, 13624, 587, 4427, 12306, 9500, 29645, 22649, 27052, 9246,
26519, 19947, 11558, 11142, 9249, 18250, 15950, 24950, 8787, 22511,
10480, 4383, 29931, 10928, 853, 29492, 16158, 11770, 14858, 23199,
32386, 17953, 18658, 6516, 11307, 31219, 1342, 12835, 30996, 19859,
23948, 10481, 10689, 16261, 12814, 2473, 21795, 7173, 10973, 30094,
2748, 6813, 12077, 19861, 9220, 31222, 25042, 19665, 17674, 3567,
18180, 10031, 20574, 29676, 30559, 99, 21039, 24944, 1069, 20258,
9905, 16623, 28904, 146, 24513, 4317, 26107, 28671, 11724, 14603,
201, 1743, 20461, 18995, 25840, 6328, 20309, 23506, 29391, 20528,
2544, 31797, 18246, 16165, 20550, 26327, 26812, 26607, 6815, 29930,
17767, 21123, 6506, 31796, 26311, 489, 9439, 4124, 32372, 24048,
20452, 22789, 12314, 25888, 8749, 30170, 15554, 15088, 15784, 7146,
29523, 26169, 29464, 26871, 2648, 21483, 2559, 7049, 18179, 29183,
16322, 9608, 5490, 30380, 16904, 19722, 30258, 10206, 10339, 20330,
25858, 14052, 12594, 15002, 7385, 1128, 17862, 28858, 23850, 24741,
2499, 2537, 5222, 7124, 31177, 2139, 5059, 31463, 23892, 4779,
12348, 25722, 4065, 10355, 29912, 23047, 25939, 1307, 18992, 4441,
11668, 9454, 14123, 16963, 7039, 8307, 7949, 31889, 4862, 20986,
8368, 6719, 8815, 31093, 31504, 8681, 11085, 21129, 6926, 11651,
32268, 20709, 13933, 10570, 27972, 30419, 6177, 32506, 7186, 31244,
457, 322, 3004, 10961, 18042, 11125, 11411, 20791, 702, 2434,
30238, 29891, 5596, 23590, 19060, 16950, 16474, 19808, 10474, 938,
3009, 18726, 29678, 24286, 24480, 20054, 20019, 19919, 26579, 19439,
21263, 1416, 12293, 24193, 11809, 16186, 6260, 482, 22070, 6031,
2036, 2851, 28525, 30780, 32567, 32450, 6298, 16342, 29003, 5921,
10217, 7142, 1380, 3895, 6852, 18751, 9692, 1414, 15606, 11919,
120, 2893, 19216, 1333, 23533, 13310, 5131, 1106, 26275, 14578,
24112, 16931, 25272, 1372, 4917, 16270, 21320, 15996, 30633, 20986,
3820, 7189, 29074, 24420, 23424, 9504, 8788, 8367, 30506, 9410,
22484, 24124, 12951, 27516, 6366, 23227, 136, 12450, 20676, 24641,
7822, 10254, 24136, 9114, 15121, 8213, 2492, 29152, 15511, 15290,
9832, 23628, 3651, 7458, 25388, 22093, 5532, 5192, 3687, 31191,
13713, 9714, 20759, 26110, 697, 32484, 9537, 27587, 3295, 10067,
2963, 32046, 25021, 2716, 17480, 4765, 11528, 10038, 3916, 31323,
6573, 31461, 14240, 18036, 22619, 32561, 28161, 19656, 28481, 18967,
14020, 27999, 14105, 9982, 28421, 4860, 10597, 15341, 11520, 8693,
25592, 3834, 32703, 18753, 1465, 6, 20982, 27091, 18596, 2727,
29739, 2086, 32017, 25702, 4633, 31770, 19001, 19243, 5975, 21246,
22518, 6133, 18229, 6126, 17866, 27086, 3047, 30303, 4899, 31999,
16613, 27384, 23773, 640, 31889, 30372, 5129, 2994, 7450, 2021,
4589, 24144, 7329, 3691, 11595, 17571, 28827, 27877, 13543, 11766,
30839, 15639, 29507, 13130, 16256, 6700, 8109, 21579, 5636, 25934,
24699, 130, 17846, 14453, 17046, 16587, 25937, 31612, 18997, 5386,
3966, 20346, 235, 23066, 248, 17487, 9444, 19462, 25070, 3197,
23916, 30844, 16041, 9018, 6320, 13694, 29550, 6339, 30409, 28763,
4006, 30962, 26102, 26846, 29756, 19, 21545, 11461, 12615, 4596,
6598, 26484, 26345, 10043, 423, 23019, 11638, 9468, 4707, 3830,
18649, 21131, 31952, 8099, 11060, 24975, 21446, 7161, 2759, 15448,
28966, 27623, 3859, 3699, 11291, 15483, 22847, 15227, 17568, 19797,
27578, 14385, 10307, 12890, 13602, 31183, 29736, 23981, 16997, 28570,
22608, 1499, 23590, 15031, 16411, 15445, 4962, 6207, 25612, 18468,
339, 12694, 10445, 6360, 16020, 18168, 28531, 26049, 21895, 26708,
15106, 19810, 13300, 12382, 20276, 2339, 24562, 13792, 11382, 2374,
29707, 10064, 3380, 3356, 9883, 17576, 18518, 2937, 24697, 11122,
15627, 32613, 9945, 10530, 11205, 27924, 23665, 1961, 8325, 13081,
7643, 2119, 21080, 31702, 15675, 161, 7201, 25399, 8481, 19987,
29338, 9376, 2737, 4935, 31638, 25891, 1793, 29703, 10889, 28151,
4034, 17231, 1609, 27429, 7971, 22439, 31766, 645, 15090, 31151,
25561, 22249, 15108, 8444, 6569, 19352, 20184, 29474, 20627, 7166,
1655, 14610, 667, 7073, 25246, 16039, 8702, 12887, 12319, 20603,
28602, 26807, 12933, 19455, 6992, 6349, 25079, 30155, 4041, 5906,
16479, 2610, 4599, 26522, 2507, 15386, 5117, 21392, 17427, 5642,
25106, 29408, 29116, 29061, 3201, 32307, 27676, 30871, 13044, 32032,
10431, 26029, 5363, 9376, 28170, 30122, 2984, 31171, 15134, 16438,
20709, 3234, 26367, 27225, 14184, 24469, 15094, 26442, 14429, 20134,
3123, 15233, 31268, 2885, 6327, 30227, 13397, 61, 11121, 21567,
5377, 12774, 19367, 17220, 2875, 28316, 31640, 13430, 6871, 25457,
19040, 30609, 7538, 26911, 15643, 3917, 5299, 7489, 21325, 13363,
29135, 7106, 10882, 31150, 30291, 27797, 1329, 18789, 4638, 31142,
14566, 10440, 25260, 8465, 18336, 31977, 14235, 14227, 10360, 16526,
16487, 3901, 900, 24708, 18297, 22128, 25851, 12854, 7776, 25349,
11162, 14462, 8030, 15820, 13894, 10938, 26662, 568, 5362, 29219,
12772, 26200, 16579, 4442, 27262, 32521, 8050, 10820, 29465, 5227,
22003, 5656, 10208, 6801, 11860, 17334, 5376, 8829, 5351, 20539,
31991, 22347, 28835, 3538, 5135, 23468, 23240, 27853, 5413, 7062,
31170, 31476, 5039, 26170, 848, 27932, 12030, 25655, 10725, 26364,
2752, 15885, 31055, 30013, 12488, 1748, 26262, 28112, 16402, 16174,
5927, 10884, 3329, 1146, 9009, 20952, 5868, 16458, 22352, 8717,
30425, 27671, 14697, 29312, 11144, 15668, 21717, 24375, 26292, 19713,
4545, 21178, 16277, 4449, 7124, 25124, 28329, 14702, 7187, 12153,
30388, 17003, 18946, 17978, 24326, 22777, 6156, 9783, 25340, 23182,
32549, 28837, 15049, 2852, 11694, 27504, 24950, 21294, 7577, 20179,
31784, 6608, 21965, 4389, 18082, 3919, 23244, 9462, 10506, 31687,
4755, 23898, 23280, 26140, 8130, 27781, 14220, 10034, 30716, 12440,
10055, 15713, 14737, 17083, 17022, 29731, 1114, 31852, 4482, 13328,
23013, 26390, 3555, 3853, 18642, 18918, 18670, 23744, 26493, 18906,
23412, 31559, 25054, 20507, 717, 2089, 7853, 10892, 3869, 9612,
16329, 6819, 1750, 8105, 474, 18040, 9086, 1662, 16181, 16411,
2995, 4034, 6657, 5931, 28268, 21790, 4504, 10404, 25473, 17050,
1840, 8441, 13678, 18774, 30139, 25699, 30804, 10874, 24844, 20856,
4672, 28271, 16442, 4607, 6320, 23632, 26441, 28163, 10067, 1435,
13319, 21798, 5137, 14893, 565, 4664, 9291, 30829, 10983, 23816,
10084, 11719, 4910, 15994, 6784, 23388, 3571, 31450, 14731, 29431,
5414, 30320, 8574, 67, 7705, 18517, 26589, 29244, 3366, 28549,
19332, 6372, 3224, 24116, 25252, 11063, 19145, 20326, 27145, 26976,
25479, 6842, 6558, 12077, 30908, 31366, 8754, 2753, 15950, 30761,
14460, 11145, 32069, 29341, 20829, 15729, 21036, 29516, 29542, 1111,
10937, 17701, 16794, 19391, 18096, 494, 9077, 32457, 16388, 2524,
11821, 31841, 24127, 6497, 13111, 31670, 14629, 28997, 6157, 5357,
28308, 17656, 23343, 16918, 28591, 25383, 27239, 27743, 10556, 19597,
11858, 22919, 2889, 11532, 28444, 3478, 13334, 27388, 30347, 29900,
16943, 16579, 4927, 27095, 4569, 5285, 24888, 27721, 27055, 734,
31640, 6984, 23181, 19950, 31658, 18567, 22189, 10549, 26916, 14198,
17424, 4543, 32681, 23734, 3616, 10593, 28050, 12752, 31379, 18437,
28654, 28966, 17810, 14146, 28615, 20010, 18715, 19504, 1192, 32205,
13220, 21370, 91, 9019, 4609, 948, 26615, 29893, 12423, 27119,
32283, 11550, 6002, 1163, 17012, 7371, 9860, 77, 2693, 28629,
5103, 19377, 6055, 31681, 21109, 29826, 20046, 10689, 8910, 935,
29327, 20780, 21578, 19264, 3551, 5676, 30903, 23282, 25118, 8375,
3973, 3710, 3540, 16320, 27688, 27289, 17850, 19630, 23486, 15352,
18300, 25357, 19954, 11434, 27069, 16515, 1312, 17322, 27995, 24838,
4538, 693, 29685, 11085, 7402, 5721, 16299, 16772, 18040, 19535,
8229, 19012, 6639, 17418, 12503, 17858, 24315, 3472, 19587, 17223,
18710, 10889, 23039, 2784, 19043, 9621, 22072, 3926, 3546, 13283,
16247, 15456, 23718, 5376, 17891, 29976, 29387, 9452, 25928, 22188,
1804, 21619, 19478, 4950, 2572, 31674, 13229, 31118, 24755, 15129,
3543, 31614, 7635, 24104, 11158, 19126, 32524, 29981, 16673, 23585,
12525, 6229, 27433, 26679, 7771, 2608, 6496, 15221, 20279, 11042,
572, 27402, 6715, 29703, 1016, 16852, 11813, 27319, 5853, 31114,
13848, 17627, 13503, 5179, 7487, 11519, 22986, 27127, 13747, 24040,
639, 16076, 18079, 2087, 19193, 29940, 17826, 13806, 4981, 12108,
16244, 8483, 19985, 30728, 13261, 12211, 22996, 16293, 26754, 2601,
3823, 18464, 30705, 127, 24642, 20582, 7840, 12595, 13858, 5131,
3105, 9886, 26202, 29502, 15161, 24194, 28015, 22269, 5441, 28642,
19753, 9605, 25803, 17174, 13390, 23309, 23433, 4126, 21425, 6835,
12139, 5943, 1131, 19383, 4872, 18348, 9065, 5863, 3391, 18671,
17959, 22618, 29726, 6632, 11450, 22881, 3842, 14989, 5396, 26299,
9216, 5043, 21380, 5896, 29828, 4387, 21628, 21888, 27960, 8689,
27543, 1253, 3368, 4873, 5082, 20150, 18467, 30731, 1339, 29350,
26724, 5721, 17247, 10829, 13170, 1646, 2472, 29980, 22084, 32625,
14447, 24726, 23721, 265, 10126, 8381, 14311, 20340, 546, 3275,
6306, 30163, 3983, 21539, 8192, 17096, 3524, 32647, 11275, 29507,
192, 4747, 17239, 32665, 6996, 24906, 25572, 16087, 9515, 28247,
14661, 21589, 521, 25847, 32258, 7054, 15952, 909, 3132, 1582,
17608, 2645, 24975, 8301, 8607, 597, 6717, 12188, 30383, 28817,
10120, 7933, 1280, 18815, 17759, 11992, 28558, 14522, 29501, 6603,
6988, 4346, 29775, 9314, 20584, 30788, 6869, 19176, 209, 9310,
25290, 380, 22519, 15238, 8135, 14951, 30674, 11619, 16933, 9900,
1829, 6204, 30562, 25825, 29956, 3688, 10693, 4670, 5524, 20486,
9029, 29172, 31762, 19694, 22440, 7871, 13846, 743, 6632, 31423,
19481, 3098, 16602, 20868, 11061, 29126, 32529, 24680, 23597, 5942,
29185, 14625, 11181, 20720, 11360, 12950, 10195, 31792, 16338, 23538,
5869, 10900, 2500, 9719, 19333, 13849, 18328, 13974, 31131, 20806,
13827, 6844, 28977, 26535, 16308, 19054, 25101, 25213, 32567, 13080,
3258, 9652, 6168, 15394, 1232, 22805, 11083, 31173, 26741, 20925,
27339, 541, 12580, 12238, 4226, 6271, 429, 1124, 15465, 8972,
5501, 5067, 32240, 7814, 13600, 2031, 3232, 1123, 21508, 10003,
29695, 22304, 15232, 25286, 14004, 18648, 26388, 21267, 11499, 12309,
30195, 29177, 8699, 16102, 21950, 11035, 30022, 12338, 2707, 5047,
16993, 24395, 14406, 24284, 21622, 32198, 20718, 25048, 26854, 23435,
3236, 15600, 1330, 29992, 3719, 31829, 25627, 15467, 23300, 17747,
15880, 20271, 852, 25546, 28841, 4214, 10821, 19426, 18906, 22456,
17982, 25595, 31178, 10875, 17533, 10979, 28764, 13348, 29092, 3660,
10701, 28685, 19316, 1405, 11928, 14807, 8152, 17479, 19094, 14338,
7461, 6715, 16234, 21690, 14240, 21018, 30236, 14580, 2113, 9613,
29700, 32186, 2230, 6422, 5866, 1987, 20651, 21575, 23659, 16711,
14409, 18994, 14494, 9745, 1020, 17952, 16376, 21974, 32122, 12422,
10349, 8389, 7681, 8244, 26072, 16991, 11743, 3024, 26013, 16009,
32056, 12163, 11661, 5344, 6660, 31474, 25098, 15948, 10071, 7024,
30571, 10456, 14821, 30321, 4770, 9665, 24005, 10306, 23835, 32204,
10613, 23288, 20456, 8157, 543, 2471, 14876, 7622, 29978, 980,
1652, 27485, 19124, 17708, 1085, 5073, 13871, 30070, 14193, 22846,
18185, 9414, 29732, 29310, 32641, 6131, 18718, 23363, 13398, 14668,
32202, 27234, 6610, 391, 10063, 8818, 8711, 27898, 6396, 28822,
4185, 20750, 13289, 19863, 26172, 9712, 23003, 30006, 3391, 6281,
1897, 10176, 25162, 30897, 22877, 10722, 1571, 22431, 349, 30399,
5943, 27300, 28107, 22592, 14488, 1562, 10473, 22955, 2626, 17559,
13121, 18552, 30370, 11878, 23876, 14176, 31065, 30007, 25649, 14262,
17213, 6165, 22072, 15610, 24480, 921, 480, 24236, 16086, 605,
29862, 27742, 18929, 4532, 19686, 2061, 25551, 28312, 25343, 15025,
31575, 28388, 3507, 14099, 4863, 31428, 1484, 16095, 24977, 14953,
11525, 24058, 28720, 19457, 15399, 28693, 22934, 5606, 7283, 9347,
3743, 2325, 28736, 29767, 17419, 26595, 3813, 15986, 28031, 25835,
30681, 32428, 27086, 11851, 281, 21008, 17527, 14608, 17610, 15933,
12399, 24814, 4640, 28329, 8224, 12341, 25982, 23609, 7857, 25600,
11231, 4879, 20104, 175, 21876, 2724, 12557, 2712, 31630, 17430,
7089, 14074, 7615, 8899, 32304, 10546, 14908, 13078, 24082, 4146,
17798, 21409, 11128, 14382, 17738, 29804, 21269, 25752, 4741, 24717,
12667, 1615, 1771, 17913, 19352, 8724, 6538, 28570, 28800, 31549,
11947, 26018, 10349, 22189, 7929, 26654, 5379, 27139, 14821, 30670,
9945, 19218, 18248, 24884, 19510, 29586, 19530, 32235, 32024, 11540,
6020, 8250, 18555, 31036, 22625, 23785, 18135, 18986, 17866, 10067,
5611, 7993, 6146, 29629, 16825, 23020, 22990, 21478, 16082, 24357,
21722, 16863, 22995, 22680, 7512, 3357, 16432, 10880, 234, 7629,
1584, 29072, 23746, 615, 20025, 7469, 7943, 31622, 30030, 31194,
30587, 31223, 26838, 16372, 31580, 17168, 2463, 31391, 16520, 12099,
16418, 23296, 13284, 14067, 9737, 19373, 12029, 16773, 26862, 22625,
4336, 27323, 19046, 15861, 24200, 12861, 24894, 13963, 11687, 18809,
4, 22029, 24551, 29613, 25801, 2774, 28800, 11330, 5670, 5806,
22893, 1884, 4477, 5116, 21450, 175, 11905, 23351, 30593, 11412,
23545, 23710, 32293, 32604, 6593, 16937, 11550, 7908, 21521, 28095,
11015, 29289, 1025, 10153, 17492, 25758, 14669, 4423, 25400, 3068,
29014, 12289, 16070, 11610, 24426, 9345, 1366, 19645, 2629, 25119,
1578, 16497, 25304, 31389, 7761, 31321, 14409, 21013, 27852, 31619,
11578, 20271, 4592, 9727, 4686, 23447, 32267, 24818, 18921, 18607,
4938, 17126, 6456, 27777, 7898, 13924, 2674, 2807, 27982, 19653,
17501, 24398, 32321, 13125, 31507, 22984, 6972, 32345, 24070, 26017,
21978, 16195, 10050, 19269, 12585, 6115, 12274, 704, 31316, 16592,
11814, 2678, 5247, 13735, 32723, 5652, 15347, 31651, 10011, 10694,
1147, 13934, 23503, 30123, 5901, 32567, 22067, 1414, 29357, 12805,
14081, 6326, 13455, 9547, 12464, 13928, 11132, 32700, 22005, 21003,
14966, 8288, 12683, 5124, 20127, 19688, 2864, 6819, 27735, 6719,
32240, 18262, 6053, 17249, 17317, 27677, 7128, 25200, 22975, 27966,
30318, 16389, 25409, 11066, 26932, 11460, 27660, 18687, 30639, 6451,
29024, 8799, 21435, 24524, 21408, 1729, 32114, 30032, 5461, 3095,
6735, 29535, 2934, 3600, 18323, 12614, 25319, 11662, 27624, 24344,
7999, 25690, 19525, 22272, 30414, 279, 26641, 6357, 12255, 8052,
24715, 9199, 25402, 28838, 28521, 9017, 18413, 26646, 12479, 8072,
27724, 8278, 17443, 11307, 55, 3162, 2319, 16836, 5275, 18661,
31367, 15190, 29755, 8769, 28155, 10654, 31153, 8755, 14702, 28839,
1711, 14894, 1240, 25497, 139, 24007, 19145, 21201, 30203, 8553,
19536, 16439, 21021, 12618, 31771, 11724, 16570, 13469, 9439, 14979,
10187, 28938, 20219, 338, 23100, 16987, 10584, 28296, 26609, 14968,
31123, 32609, 12039, 32149, 22366, 8152, 4700, 11946, 14115, 6844,
31057, 35, 2027, 20486, 31950, 15577, 26751, 9578, 25991, 23874, 